0.000375277839133048,0,-6.26171495241579e-05,0,0,-1.88695721590193e-05,0.000279280677233373,-0.000105730590803432,0,1.65830863352312e-06,0,-7.77064101953329e-08,0,0.00128014846153945,0,0,-2.04147763724905e-05,0,0,0,3.34950491378549e-05,0,-0.000924414447581512,2.25228868657723e-05,0,0,0,-1.35519608193135e-05,9.29705483088128e-06,0.000777944423589361,0,0,0,-7.732177618891e-05,0,0,6.21770413999911e-06,-0.000205216187168844,-1.41796112984593e-06,1.35367145048804e-07,0,0,0,0,0,0,0,0,0,0,0,0,0,0,0,0,0,0,0,0,0,0,0,0,0,0,0,0,0,0,0,0,0,0,0,0,0,0,0,0,0,0,0,0,0
0,-0.00101601201095036,0,0,0,0,0,0,-0.00123342794722703,0,-0.000239211265579797,0,-2.79783529322231e-06,0,0,-0.000592941014474491,0,2.17757224163506e-06,0,0,-3.72573304048274e-05,-0.00187374908273341,-2.04650163482256e-08,-0.00108053949588793,-0.00188631320816057,-5.33127981725556e-05,-0.00416327604216349,0,1.53328196574876e-05,0,-3.05669749423032e-06,0,-1.61549050972098e-05,-0.000130841380268976,0,-0.000368603155948222,-0.000123001449537696,-9.77341715042712e-05,-2.06494773919985e-05,-0.000125363512779586,0,0,-0.000157801048771944,1.58893686830197e-05,0.000104288421425736,-0.000106407860585023,0,0,0,0,-0.00137918643486046,-8.95667872100603e-05,0,0,0,0,0,-2.82112679883539e-08,0,0,0,1.86204561032355e-05,0,0,-7.02786710462533e-05,0.000127588966279291,0,7.67309466027655e-05,0,0,0,-8.91828894964419e-05,-0.000224434130359441,-2.20944984903326e-05,-0.000109269062022577,-0.00316830290284997,0,0,0,0,0,0,0,0,0
-6.26171495241579e-05,0,-0.00408422815280574,0,0,0,-0.0010799167530422,-0.000647785062028561,0,0,0,0,0,-0.00101249922045099,0,-8.64226521457567e-08,-0.00167666334164096,2.55845307037816e-05,-7.44727547044022e-05,0,-0.000202813483156206,-0.000140858697704971,-0.0074382520006111,-6.38029787296546e-05,0,-0.000508681200727779,-0.0110777793715897,-0.000361597532901214,-0.000124649689496437,-5.15160627401201e-06,0,0,0,-0.00030608446104452,0,-0.00266513411588676,-0.00170567570421554,-0.00192556874753791,-0.00156227173465595,0,0,0,-0.000117033463538974,-3.55023476004135e-05,-0.000109824641185696,3.41592558470438e-05,0,0,0,0,-6.02888230787357e-05,-0.000253640340815764,0,0,0,0,0,0,0,0,0,0,0,0,-6.70716508466285e-05,1.16738021915808e-06,0,0,0,0,0,-0.000114692497845681,0,0,-0.000173819626070326,-0.00441462310118368,0,0,0,0,0,0,0,0,-8.0080472798727e-05
0,0,0,0.000198728749483124,-2.11549231607933e-05,1.07462210507947e-05,0,-4.57104624729254e-05,-0.000226292718707555,-0.000450898154440438,0,0.000495563233926077,0,0,-0.000189602278396706,0,0,0,0,7.11996449909158e-07,0,0,0,-0.000105206162658078,0,0,0,-0.000432644101238111,4.02145639100127e-06,0,0,0,0,7.32340195099823e-05,0,2.5778816905131e-05,0,-0.000213152612559497,0,-0.000119912611808104,-6.51785626359924e-07,0,2.75188904197421e-05,0,0,0,0.000286782567854971,0,0,0,0,0,0,0,0,0,0,-6.5139226080646e-05,0,0,5.35823892278131e-05,0,0,0,0,0,0,0,0.000931492366362363,0,0,0,-0.000418855528550921,0,0,0,0,0,0,0,0,0,0,0,0
0,0,0,-2.11549231607933e-05,-0.00132457417203113,-0.000658826510061772,-0.000429309642640874,-0.000101740663012606,-1.5862250180021e-08,-3.55878509772367e-07,0,-0.000143007303904596,0,0,-0.0012008987905574,0,0,0,0,-1.26993189724089e-05,0,0,0,-0.000170226637237647,0,0,0,-5.06766973558115e-05,0,0,0,-1.7389355434716e-05,0,-0.000880317174051015,0,-0.00159723163233139,-3.6580588130164e-05,-0.000397790401621023,0,-0.00130106943834107,-0.00105931494181277,0,0,0,0,0,0.000247086340095848,0,0,0,0,0,0,0,0,0,0,0,0,0,1.5152751302594e-06,0,0,0,0,0,0,0,0,0,0,0,-6.83046600897796e-05,0,0,0,0,0,0,0,0,0,0,0,-4.0282859117724e-05
-1.88695721590193e-05,0,0,1.07462210507947e-05,-0.000658826510061772,-0.000438315081059848,-0.000186754472224493,-0.00684173676836508,-0.000142649700137554,0.000870017127205358,-0.000333915319060907,0.000663098991708466,0,-0.00017022656081167,-0.00028122514243023,0,0,0,0,5.62458345712002e-05,0,0,0,-0.000156152397721598,0,0,0,-7.99599953325014e-05,6.2916024489823e-05,0,0,-4.19340536836899e-05,0,-0.00128018339819391,-0.00195473322037287,-0.00368190274821245,-7.48353122617118e-05,-0.000161457014655753,-9.72114685282577e-05,-0.00184391487255198,-1.16426608656184e-05,-0.000179348688106984,0,0,0.000102237409009831,2.61883456005307e-05,0.000162602540513035,0,-0.000125385529827327,0,0,0,0,0,0,0,0,-0.00021755279158242,0,8.29016207717359e-05,2.25855842472811e-05,0,0,1.82534893156117e-06,0,0,0,0,0,0,0,0,0,0,0,0,0,0,0,0,0,0,0,-0.000554252714209724,-0.000328422960592434
0.000279280677233373,0,-0.0010799167530422,0,-0.000429309642640874,-0.000186754472224493,0.00131770527428876,-0.00349807846305339,-0.000367072700100834,-0.000572476461178084,0,2.13786620406609e-05,0,-0.00205510863301583,-9.32707777678843e-09,-6.54770474284305e-07,0,0,0,0,3.70762496189059e-05,0,-0.00082492793808342,-0.00072772528983478,0,0,-0.000288143156467413,-0.00467282487852572,-0.000775937896833057,0.000303431708943425,0,0,2.70601412921678e-05,-0.00136036780531867,-6.12955118413083e-05,-0.00374370601639384,-6.13755091762869e-05,-0.00164092932391213,-0.000202492945390986,-0.000927699005842442,-0.000299748091492802,0,-0.000821109162643552,0,0,0,0,0,0,0,0,0,0,0,0,0,0,-0.000548539246665314,0,0,0.000175072680576704,0,0,0,0,0,0,0,0,0,0,0,-0.00406756115989992,0,0,0,-0.00122046167962253,0,0,0,0,0,0,0,-0.000207698209123919
-0.000105730590803432,0,-0.000647785062028561,-4.57104624729254e-05,-0.000101740663012606,-0.00684173676836508,-0.00349807846305339,-0.0305472388699854,-0.00167673110991018,-0.00221611009055778,4.85088048662874e-05,-0.000558428929252841,0,-0.00803780548721988,-3.2049424021352e-06,0,-1.76071648638754e-06,0,0,-0.000220612179191448,-0.000137226250899403,0,-0.00294552840023243,-6.71858488203725e-05,0,-8.85151348484214e-06,0,-0.00147406005180528,-0.000521601981290587,-0.00129436199404154,0,-0.000275629605312133,0,-0.000413133758229378,-1.91209360309585e-05,-0.00188231296033337,-0.000278634226560825,-0.000564773749374581,-0.000341622395353625,-0.00039969911586013,-5.67203060199972e-05,1.20174308904097e-05,0,0,0.000342166080372408,0.000101348552561831,0,0,-1.22155415738234e-05,0,0,0,0,0,0,0,0,0,0,0,0,0,0,0,0,0,0,0,0,0,0,0,-0.000887993883225136,0,0,0,0,0,0,0,0,0,0,0,-3.21767302580156e-07
0,-0.00123342794722703,0,-0.000226292718707555,-1.5862250180021e-08,-0.000142649700137554,-0.000367072700100834,-0.00167673110991018,-0.000981844066700432,-0.00166142519265122,1.12532902996065e-08,9.37977632986531e-06,-2.14678671000001e-05,-0.000248873977398034,-0.000201274156097497,-5.86286914767697e-05,0,0,0,-0.000110914676952234,0,-0.0021227247416391,0,-0.0073691065344974,-0.00235543341477751,-0.000209557823836803,-0.0024971348057079,-0.00299518614338012,-0.000750149651139509,0,0,0,-1.62634219122992e-05,-0.000368679355233326,0,-0.0051387369276199,-6.07051060796948e-05,-0.000443790602730587,0,-0.00234802522754762,0,0,-0.000355757591023576,0,-1.47139928685647e-07,-1.27823943785188e-06,-0.000796127322246321,0,0,0,-8.2737285993062e-05,0,-0.000266257670773484,0,0,-0.000511104792167316,-0.00170983684074599,-0.00361043979501119,-0.00157262790889945,0,-1.75284731085412e-05,0,0,0,-0.000306354486383498,0,0,0,-0.000234574037676794,0,-0.000232794527619262,0,-0.00684126661144546,0,0,0,-0.00664694183433312,-1.63490713021019e-05,-0.000127488794532837,0,0,-0.000981677905656397,0,0,-0.000453774293418974
1.65830863352312e-06,0,0,-0.000450898154440438,-3.55878509772367e-07,0.000870017127205358,-0.000572476461178084,-0.00221611009055778,-0.00166142519265122,-0.00317286504985859,-0.000126849059597589,0.000745605472275201,0,-0.000385279224413893,-0.000156099501509743,0,0,0,0,-0.000188556808957685,5.6738522289379e-06,0,0,7.96093979573698e-05,0,0,0,-0.000786199056392434,-0.000172501306167305,9.55289003456983e-09,0,0,-5.37254600203596e-05,-0.00111210449722421,-0.000137525023092167,-0.00317718346104812,0,-0.00130170865486434,-0.000382486905436963,-0.000666879340315063,-9.37579934543464e-05,0,0,0,0,0,0.00498996718670242,0,0,0,0,0,0,0,0,0,0,-0.00175329044577666,0,0,0.00129214976914227,0,0,0,0,0,0,0,0,0,0,0,-0.00228433251686511,0,0,0,0,0,0,0,0,0,0,0,-0.000499510453664698
0,-0.000239211265579797,0,0,0,-0.000333915319060907,0,4.85088048662874e-05,1.12532902996065e-08,-0.000126849059597589,0.00397355292870849,0,-0.000906396558093547,0.000189363840036094,0,0,0.000218517838220578,0.00251827813553973,0.000401234827222652,0,0,-1.28167449986449e-08,-9.27511905501888e-07,0,7.55062087591796e-05,0.000613071052384839,1.30960214406173e-06,0,0.00141761232407589,0,-0.000183748392373673,0.000365317851901636,0,0.00231910103548216,0,0.000156736247845402,-1.68229854651258e-05,0.000311829614298986,0.000120142077321361,-2.18814648178522e-05,0,-3.96797458677156e-05,0,9.44098762545309e-05,2.29073208402042e-07,0,0,0,8.32737759992597e-05,0,0,0,0,0,0,0,0,0,0,4.04115558012563e-05,0,0.000348307982328322,0,0,0,0,0,0,0,0,0,0,0,7.88038078098907e-05,-0.000158366365212714,-0.000352437578840181,0,0,0,-0.000412249428336509,0,0,0,0,0.000168792204931378
-7.77064101953329e-08,0,0,0.000495563233926077,-0.000143007303904596,0.000663098991708466,2.13786620406609e-05,-0.000558428929252841,9.37977632986531e-06,0.000745605472275201,0,0.00444705994232208,0,5.26017117863375e-06,0.000179632290297604,0,0,0,0,0.000570443176627577,0,0,0,-1.88741519195901e-05,0,0,0,-4.85835750509978e-05,-1.66137168662317e-05,0,0,-1.78487516677706e-05,0,-0.000319860235322267,-0.00280785668337558,-0.000338245226430445,0,-0.000206007805900299,-8.51068543852307e-05,-0.000103085788452972,-0.000170940094903926,-0.000152404987602495,0.000109579472336918,0,0,0,0.000595384270127397,0,0,0,0,0,0.000195153730601305,0,0,0,0,-2.17190799958189e-05,-0.000145997750223614,-2.6337731469539e-05,0.000549360100194463,0,0,0,0,0,0,0,0,0,0,0,-1.55250777424953e-05,0,0,0,-3.20772887789644e-05,0,0,0,0,0,0,-0.000623727908532601,-0.000268078149019857
0,-2.79783529322231e-06,0,0,0,0,0,0,-2.14678671000001e-05,0,-0.000906396558093547,0,-0.000840620706355821,0,0,0,0,2.31493845603836e-06,0,0,-0.000132617928102263,-4.52280098670599e-05,-6.9741225161124e-05,-0.000226359661610331,0.000111277957925537,-2.55056212381533e-05,0.000218662791667157,-0.000263642308709677,0.000132012565700279,-0.00017861150263343,-0.000201852378268086,1.15255534183234e-06,0,0.000288564245238376,0,-2.32137444413638e-05,-3.37468452400458e-05,-3.6122762139712e-05,-2.37707208725624e-05,-0.000105160086604883,0,7.26727457731613e-05,0,0.000246797007548594,4.89557180571865e-07,0.000135555834276602,-0.000187685027412954,0,9.38211023822078e-05,0,-0.000336574681568891,0,0,0,0,0,0,0,0,5.37914707479104e-05,0,-0.00528122911600803,0,0,0,0,0,0,0,0,-2.87449665847817e-06,-2.74990361504024e-05,-0.000162578653544188,-0.000935633807785052,-0.000274600234661193,-0.00124620344831783,-4.51183659606613e-05,0,0,-0.00194667668256443,0,0,-2.39626834854789e-05,0,0
0.00128014846153945,0,-0.00101249922045099,0,0,-0.00017022656081167,-0.00205510863301583,-0.00803780548721988,-0.000248873977398034,-0.000385279224413893,0.000189363840036094,5.26017117863375e-06,0,0.00268593769198588,-0.000135223544930341,0,-0.000197546876734123,9.8777687526308e-05,0,-2.31376779993298e-05,-0.000233326146826585,0,-0.00468379587255185,-0.000343185968631587,4.817533044843e-05,8.513851207681e-05,0,-0.000489013017613615,0.000281053869999992,-0.00134943731217874,0,0.000383368319489819,0,-0.000261102582499007,0,-0.000321444625569711,-8.90321998667787e-05,-0.000493383917273604,-3.06240153804538e-05,-6.55803396512056e-05,0,-2.18047844100511e-05,0,0,0,0,0,0,0,0,0,0,0,0,0,0,0,-0.000165130826644599,0,0,0,0,0,0,0,0,0,0,0,0,0,0,0,0,0,0,0,0,0,0,0,0,0.000314559751132037,0,0
0,0,0,-0.000189602278396706,-0.0012008987905574,-0.00028122514243023,-9.32707777678843e-09,-3.2049424021352e-06,-0.000201274156097497,-0.000156099501509743,0,0.000179632290297604,0,-0.000135223544930341,-0.000234791407820012,0,0,0,0,-5.62827592602844e-05,0,0,0,-0.000462642534330371,0,0,-6.25435786787421e-05,-0.000513955400492705,-7.5926966019324e-05,0,0,-7.10524474811791e-08,0,-0.000141830529173603,-7.9796839109747e-06,-0.000438232058513677,0,0,0,-0.000474180067612906,2.95935269605252e-05,0,0,0,0,0,0,0,0,0,0,0,0,0,0,0,0,-1.62513078549864e-08,0,0,0.000580262407311238,0,0,0,0,0,0,0,0,0,0,0,0,0,0,0,0,0,0,0,0,0,0,-5.66028247703798e-05,1.00621136880363e-05
0,-0.000592941014474491,-8.64226521457567e-08,0,0,0,-6.54770474284305e-07,0,-5.86286914767697e-05,0,0,0,0,0,0,-0.00232565737815094,-1.4735901459062e-05,0,0,0,-0.000549711623989424,-0.00135349572974519,-0.000993873356037511,-0.00153649135972955,-0.000139994590426795,0,-0.00611161266897398,-0.000500824389746413,0,-2.10044436244061e-05,0,0,0,-5.2164517910569e-05,-1.45416624945938e-05,-0.000784248237323482,-0.000871445248776581,-0.000393938060369692,-0.000759904134611133,-1.50064925037441e-05,0,0,-0.00125488142657559,-0.00048945476373774,-0.000340556376613677,0,0,0,0,0,-0.000194196894881316,-4.17616392951459e-05,0,0,0,0,0,0,0,0,0,0,0,0,-0.0121851126605179,0,0,0,0,-0.00108599131999654,-0.000709357835148694,-0.00709150842340023,-0.00271019859792432,0,0,-0.00515564692250337,-0.000452745698567014,-7.82904608058743e-05,-0.000468350408482365,0,0,-0.000225856754695997,0,0,-0.000426683989644516
-2.04147763724905e-05,0,-0.00167666334164096,0,0,0,0,-1.76071648638754e-06,0,0,0.000218517838220578,0,0,-0.000197546876734123,0,-1.4735901459062e-05,-0.00212432230478043,0.000241827401623596,0.000415974262196528,0,-0.00012992712754567,0,-0.00371344788254646,0,0,-0.000696336190912916,-0.00324823609753366,0,-0.00021546322022914,-9.9692564617726e-05,0,0,-0.000111414505227003,-0.00122877092007911,0,-0.000494072217406938,-0.000245063638885767,-0.000752780639231787,-0.000625279304586002,0,0,0,-1.18976281271443e-07,0,0,-0.000281397515209392,0,0,0,0,-8.80505685927346e-05,-0.000114781518277596,0,0,0,0,0,0,0,0,0,0,0,0,0,-5.04434092363226e-05,0,3.90383831927466e-08,0,0,-6.29416854280862e-06,2.27995570867279e-07,0,0,-0.000136982440380962,-0.00157125185796758,0,0,0,0,0,0,0,0,-0.000217974255065201
0,2.17757224163506e-06,2.55845307037816e-05,0,0,0,0,0,0,0,0.00251827813553973,0,2.31493845603836e-06,9.8777687526308e-05,0,0,0.000241827401623596,0.00207005969241436,0.00124775495623908,0,0,0,5.8308532970841e-05,0,-7.40391953968356e-07,0.000496824991415679,0.000215681328882056,0,0.00044840313057648,0,-2.02710066332656e-05,6.19604688836262e-05,0,0.000435120629845187,0,-2.66682579876942e-05,0.000195626636752877,0.000482440148971364,0.000104765209925972,0,0,2.89950494334335e-05,0,2.71049293587566e-06,0,0,0,0,0,0,0,0,0,0,0,0,0,0,0,0,0,0,0,0,0,0,0,0,0,0,0,0,0,0,0,-0.000129275715153199,0,0,0,0,0,0,0,0,0
0,0,-7.44727547044022e-05,0,0,0,0,0,0,0,0.000401234827222652,0,0,0,0,0,0.000415974262196528,0.00124775495623908,0.00083534599957602,0,-1.7121694781963e-06,0,-0.000235305897149374,0,0,-0.000810255483884248,-0.000243247609887476,0,0.000119906649160839,0,0,2.04504146950057e-07,0,8.50514849322082e-05,0,-0.00030949573192629,-0.000366688597296161,-0.000187242350904171,2.50423642000897e-06,0,0,0,0,3.20126764563611e-06,0,0,0,0,0,0,0,0,0,0,0,0,0,0,0,0,0,0,0,0,0,0,0,0,0,0,0,0,0,0,-1.24917796711088e-05,-7.60607726988383e-05,0,0,0,0,0,0,0,0,0
0,0,0,7.11996449909158e-07,-1.26993189724089e-05,5.62458345712002e-05,0,-0.000220612179191448,-0.000110914676952234,-0.000188556808957685,0,0.000570443176627577,0,-2.31376779993298e-05,-5.62827592602844e-05,0,0,0,0,2.52477558344566e-05,0,0,0,5.60880880584591e-06,0,0,0,1.82393030172534e-05,1.16297865702109e-05,0,0,0,0,-0.00017345144169667,0,-0.000166643266311439,0,-5.40769869985525e-05,-4.70801278424915e-05,-0.000118552811727568,0,0,2.58022309935768e-05,0,0,0,0.000805504656455014,0,0,0,0,0,0.000476795219583437,0,0,0,0,-3.7829838674952e-06,0,0,0.000372062568203546,0,0,0,0,0,0,0,0,0,0,0,-7.94461000168667e-05,0,0,0,0,0,0,0,0,0,0,0,0
3.34950491378549e-05,-3.72573304048274e-05,-0.000202813483156206,0,0,0,3.70762496189059e-05,-0.000137226250899403,0,5.6738522289379e-06,0,0,-0.000132617928102263,-0.000233326146826585,0,-0.000549711623989424,-0.00012992712754567,0,-1.7121694781963e-06,0,0.00920458790818657,-6.18653029960115e-05,-0.00647035671318008,-0.000123579561602583,0,0,-0.000274367344445636,-0.000963796325095245,-0.000689788207637321,-0.000804661295534359,0,0,-0.000156492867972702,-0.00133488603205478,-0.000256262879702263,-0.00382998692111869,-0.000827005444079987,-0.00175151910298155,-0.00116978353162267,-6.47554988972843e-05,-1.71252941072453e-05,0,-0.00097204255143879,-2.10824073292315e-05,0,0,0,0,0,0,0,-1.45371486723889e-05,0,0,0,0,0,0,0,-0.000394765665987507,0,0,0,0,-0.00295907427425846,0,0,0,0,-0.000917464243684663,-0.000837465253425762,-0.000486625194753287,-0.000965186860412359,0,0,0,-0.000173504799022339,0,-0.000367778729923884,0,0,-0.000213206119951792,0,0,-0.00251274787115108
0,-0.00187374908273341,-0.000140858697704971,0,0,0,0,0,-0.0021227247416391,0,-1.28167449986449e-08,0,-4.52280098670599e-05,0,0,-0.00135349572974519,0,0,0,0,-6.18653029960115e-05,-0.00402420150930993,-0.000109967226308072,-0.00398870275967056,-0.00132131967620808,-6.44597021164373e-05,-0.00311677520312514,-0.00030981527743279,0,0,-0.000206167998840101,0,0,-1.20410525141779e-05,0,-0.000344577099895105,-0.00015227959920594,-5.27289971614664e-05,-0.000151909349369816,0,0,0,-2.04477728402708e-05,-0.000255529801506782,0,0,0,0,0,0,-0.00105603353949846,0,0,0,0,-0.00023697737196926,0,-0.000244255777033686,0,0,0,3.09205487880604e-08,0,0,-0.00245721658939146,0,0,0,0,-0.000164043929544277,-0.00190045445560827,-0.000365508829418104,-0.000649226077257481,-6.99317770340713e-05,2.44909500679569e-07,-0.00265963530182489,-0.000453803048003465,-3.71622118109372e-05,-0.000163089331181254,0,0,0,0,0,-0.000217724344111048
-0.000924414447581512,-2.04650163482256e-08,-0.0074382520006111,0,0,0,-0.00082492793808342,-0.00294552840023243,0,0,-9.27511905501888e-07,0,-6.9741225161124e-05,-0.00468379587255185,0,-0.000993873356037511,-0.00371344788254646,5.8308532970841e-05,-0.000235305897149374,0,-0.00647035671318008,-0.000109967226308072,-0.0184365382528995,-0.00131971024165978,0,-0.00019797194727289,-0.00759684455897514,-0.00190956543428911,-0.00402511336142197,-0.00311149702156399,0,0,-7.12301462044707e-05,-0.00391440133171272,-0.000551845543668605,-0.0126666663054493,-0.0034874639895861,-0.00871993840883079,-0.00911637786157371,-0.000469765203888528,-8.81218438735232e-05,0,-0.000307349662762135,-0.000348040094650059,-0.000140258065584931,-0.000179530888999579,0,0,0,0,-4.47465281467885e-05,-0.000158731007786628,0,0,0,0,0,0,0,-0.000483757234178483,0,0,0,0,-0.0028752996095136,8.83404709384195e-08,0,0,0,-0.000493850024213316,-0.000699493699357845,-0.0021078554509586,-0.0010807216676767,0,1.2920875924749e-08,-0.00535087437492621,-1.61360385391163e-05,0,-6.36147560726386e-05,0,0,0,-1.6422440239694e-05,0,-0.00557773515902227
2.25228868657723e-05,-0.00108053949588793,-6.38029787296546e-05,-0.000105206162658078,-0.000170226637237647,-0.000156152397721598,-0.00072772528983478,-6.71858488203725e-05,-0.0073691065344974,7.96093979573698e-05,0,-1.88741519195901e-05,-0.000226359661610331,-0.000343185968631587,-0.000462642534330371,-0.00153649135972955,0,0,0,5.60880880584591e-06,-0.000123579561602583,-0.00398870275967056,-0.00131971024165978,-0.00685640945403065,-0.000676456569635775,0,-0.00401140772555664,-0.00422165666259389,-0.000384279941499699,-6.06735416113224e-05,0,0,-4.17447154177353e-05,-0.000995100730506238,-4.68344023829559e-05,-0.00252312083375728,-1.21687899081735e-05,-0.000961176523560425,-2.55072268373624e-06,-0.00096568267508701,-3.41251484314853e-06,0,-0.0102396672882605,-8.03733873908641e-05,-0.00158828348503448,-0.000160110183060169,0,0,0,0,0,0,-0.000814484177681152,0,-0.000512218219228089,-0.00756747602281393,0,-0.00256094401629525,-0.00135768032851047,-0.000257306895946385,-0.000291802159154031,0,0,0,-0.00432828484190395,0,0,0,0.000194640277186409,-0.000881130115885753,-0.00103470724570798,-9.62375779636204e-05,-0.0313757437816093,0,0,-0.000386536019505002,-0.0275761890334252,0,-0.000168903829035116,0,0,-0.00406999449478462,-0.000140711941639893,0,-0.000162245540195727
0,-0.00188631320816057,0,0,0,0,0,0,-0.00235543341477751,0,7.55062087591796e-05,0,0.000111277957925537,4.817533044843e-05,0,-0.000139994590426795,0,-7.40391953968356e-07,0,0,0,-0.00132131967620808,0,-0.000676456569635775,-0.000343031590062992,-6.10385550317005e-05,-0.00212284261579043,0,0,0,-0.000109653416529909,5.24671190760273e-06,0,0.000303566624097584,0,-2.97617998512578e-06,-0.000285240948869614,-3.02648668366601e-05,0,0,0,4.10769062000327e-05,0,-4.38019128523592e-05,1.95742068171967e-05,0,0,0,9.87620423984481e-05,0,-0.000210991165658925,0,0,0,0,0,0,0,0,0.000178998761839466,0,-0.00121410028259561,0,0,0,0,0,0,0,0,0,0,0,-0.00101045733663341,-0.000502384074934525,-0.000980261002041516,0,0,0,-0.000365093590517063,0,0,2.08530118470662e-05,0,0
0,-5.33127981725556e-05,-0.000508681200727779,0,0,0,0,-8.85151348484214e-06,-0.000209557823836803,0,0.000613071052384839,0,-2.55056212381533e-05,8.513851207681e-05,0,0,-0.000696336190912916,0.000496824991415679,-0.000810255483884248,0,0,-6.44597021164373e-05,-0.00019797194727289,0,-6.10385550317005e-05,0.00281639054897345,-0.00301537610118885,0,0.000247034678977798,0,-0.000302616024782765,2.61085215242929e-05,-1.69326522154734e-05,-1.27280315243006e-05,0,-0.00140217478747218,-0.000799043872547145,-0.000495672259919644,-0.000216585241162193,0,0,0,0,-0.000107942589806953,-3.79935236196616e-05,-1.9545252143871e-05,0,0,-3.71187212522273e-07,0,-0.000103588074125582,-0.000129082955027116,0,0,0,0,0,0,0,6.42419945506845e-06,0,5.45337495836407e-05,0,0,0,1.55902675942343e-05,6.28614434390329e-05,0.000155533707584254,0,0,0,0,0,-0.000278427341982024,-0.000784938525806744,-0.00542909522573609,0,0,0,-0.000541732591955224,0,0,0,0,-0.000182520834641764
0,-0.00416327604216349,-0.0110777793715897,0,0,0,-0.000288143156467413,0,-0.0024971348057079,0,1.30960214406173e-06,0,0.000218662791667157,0,-6.25435786787421e-05,-0.00611161266897398,-0.00324823609753366,0.000215681328882056,-0.000243247609887476,0,-0.000274367344445636,-0.00311677520312514,-0.00759684455897514,-0.00401140772555664,-0.00212284261579043,-0.00301537610118885,-0.0168137482055499,-0.000825204505417787,0.000181035572495603,-3.49295405612793e-05,-0.00123982902005082,7.8091565228533e-05,0,-0.00189661897047699,-0.000394736540329177,-0.0119223176679952,-0.00344980950967511,-0.00468475700017734,-0.00979342017490126,-0.000453252519946545,0,4.56768020740128e-06,-0.00176587869646028,-0.00198412451027252,-0.00154826819562004,-0.00121920646597573,0,0,0,0,-0.00588168646754639,-0.00274185140006011,0,0,0,0,0,0,0,-0.000168379287060816,0,-0.000146538371609495,0,0,-0.00396401601392427,-0.000234746535625163,-2.16196041264993e-05,9.5462614808639e-06,0,-4.56342659163056e-05,-0.002879667950765,-0.00315923703419685,0,-0.000594863443438953,-0.008708463831681,-0.0674820096464828,0,0,0,-0.000402283592848107,0,0,-0.000175076129380614,0,-0.00133703174287803
-1.35519608193135e-05,0,-0.000361597532901214,-0.000432644101238111,-5.06766973558115e-05,-7.99599953325014e-05,-0.00467282487852572,-0.00147406005180528,-0.00299518614338012,-0.000786199056392434,0,-4.85835750509978e-05,-0.000263642308709677,-0.000489013017613615,-0.000513955400492705,-0.000500824389746413,0,0,0,1.82393030172534e-05,-0.000963796325095245,-0.00030981527743279,-0.00190956543428911,-0.00422165666259389,0,0,-0.000825204505417787,-0.00967970010106001,-0.000517692437824735,-0.00270831924361303,0,0,-0.00017467400903115,-0.00140884193933744,-0.000165141100296751,-0.0049712432846718,-2.88564651782508e-05,-0.00136876319265866,-0.000550660119188251,-0.000962447997153504,-0.000216935426578857,-0.000261056586168706,-0.00279455999407219,0,0,0,0,0,0,-0.000220572939724661,0,0,0,0,0,0,0,-0.00344335444970056,0,-0.000266611539700534,0,0,0,0,-0.000570005233385018,0,0,0,0,0,-0.000357586352038197,0,-0.0101936458559067,0,0,0,-0.00348869419394759,0,-0.000374442188331159,0,0,0,-0.000694672111421824,0,-0.000639842844975647
9.29705483088128e-06,1.53328196574876e-05,-0.000124649689496437,4.02145639100127e-06,0,6.2916024489823e-05,-0.000775937896833057,-0.000521601981290587,-0.000750149651139509,-0.000172501306167305,0.00141761232407589,-1.66137168662317e-05,0.000132012565700279,0.000281053869999992,-7.5926966019324e-05,0,-0.00021546322022914,0.00044840313057648,0.000119906649160839,1.16297865702109e-05,-0.000689788207637321,0,-0.00402511336142197,-0.000384279941499699,0,0.000247034678977798,0.000181035572495603,-0.000517692437824735,0.00165444536112602,-0.00349810086845537,5.99506483922596e-06,0.000837840523672639,-0.000485363249026705,-0.000233936625825493,5.07100630784407e-05,-0.000164239284742962,-3.43668403104402e-05,-0.000456838841273566,-2.06535344204894e-05,3.46863139384368e-05,6.29382811894175e-05,-0.000316001038299873,0,3.26372246490791e-05,5.14996681886259e-05,7.27201695553958e-05,0,0,0,0,0,0,0,0,0,0,0,0,0,0,0,0,0,0,0,0,0,0,0,0,0,0,-0.000703484285622835,0,0,0,0,0,0,0,0,0,2.05915148399072e-05,0,-8.30225982895172e-05
0.000777944423589361,0,-5.15160627401201e-06,0,0,0,0.000303431708943425,-0.00129436199404154,0,9.55289003456983e-09,0,0,-0.00017861150263343,-0.00134943731217874,0,-2.10044436244061e-05,-9.9692564617726e-05,0,0,0,-0.000804661295534359,0,-0.00311149702156399,-6.06735416113224e-05,0,0,-3.49295405612793e-05,-0.00270831924361303,-0.00349810086845537,-0.000646527376691575,0,0,-0.000240494582840256,-0.00114296521178403,-0.000493767638545251,-0.00206211384056587,-8.46730117700645e-05,-0.0019201368531867,-0.000287308937913622,-0.000232183479965897,-0.000119089650979731,0,-0.000168772687175078,0,0,0,0,0,0,0,0,0,0,0,0,0,0,-4.39398888829601e-07,0,0,0,0,0,0,-0.00108277647814248,0,0,0,0,-6.10359074926237e-06,0,0,-1.58847396960482e-05,0,0,0,0,0,0,0,0,0,0,0,-0.00215672735066619
0,-3.05669749423032e-06,0,0,0,0,0,0,0,0,-0.000183748392373673,0,-0.000201852378268086,0,0,0,0,-2.02710066332656e-05,0,0,0,-0.000206167998840101,0,0,-0.000109653416529909,-0.000302616024782765,-0.00123982902005082,0,5.99506483922596e-06,0,-0.00045671571206185,1.42284868331899e-08,0,-2.77343872312485e-06,0,0,-0.000188645840353274,-7.22969281241603e-06,0,0,0,0,0,3.66770130710847e-07,0,0,0,0,0,0,-0.000255622278928058,0,0,0,0,0,0,0,0,1.53692417370621e-05,0,-0.000634720697235025,0,0,0,0,0,0,0,0,0,0,0,-0.00162486502085812,-0.00256051902761101,-0.00244605353873339,0,0,0,-0.00239433285787527,0,0,0,0,0
0,0,0,0,-1.7389355434716e-05,-4.19340536836899e-05,0,-0.000275629605312133,0,0,0.000365317851901636,-1.78487516677706e-05,1.15255534183234e-06,0.000383368319489819,-7.10524474811791e-08,0,0,6.19604688836262e-05,2.04504146950057e-07,0,0,0,0,0,5.24671190760273e-06,2.61085215242929e-05,7.8091565228533e-05,0,0.000837840523672639,0,1.42284868331899e-08,-0.000257252392657392,0,1.23349798997197e-06,0,-0.000802355614723638,-4.00147036998533e-05,-0.000228758267439844,2.29830338298598e-05,-0.000210258088372939,-2.50297825914458e-05,-8.43273282953305e-05,-8.17426371213514e-06,0,0,7.64237265684642e-05,0,0,5.64416586712468e-06,0,0,0,0,0,0,0,0,0,0,0,0,0,0,0,0,0,0,0,0,0,0,0,0,0,0,0,0,0,0,0,0,0,0,0,-2.69561992354284e-05
0,-1.61549050972098e-05,0,0,0,0,2.70601412921678e-05,0,-1.62634219122992e-05,-5.37254600203596e-05,0,0,0,0,0,0,-0.000111414505227003,0,0,0,-0.000156492867972702,0,-7.12301462044707e-05,-4.17447154177353e-05,0,-1.69326522154734e-05,0,-0.00017467400903115,-0.000485363249026705,-0.000240494582840256,0,0,-0.000161588704159499,-0.000157921006120887,-3.84444065275602e-05,-4.23211815814284e-07,0,-5.17547277922858e-07,3.57758585778356e-06,-7.71108971093781e-05,0,0,0,0,0,0,0,0,0,0,0,0,0,0,0,0,0,0,0,0,0,0,0,0,0,0,0,0,0,0,0,0,-0.000189698228496127,0,0,0,0,0,0,0,0,0,0,0,0
-7.732177618891e-05,-0.000130841380268976,-0.00030608446104452,7.32340195099823e-05,-0.000880317174051015,-0.00128018339819391,-0.00136036780531867,-0.000413133758229378,-0.000368679355233326,-0.00111210449722421,0.00231910103548216,-0.000319860235322267,0.000288564245238376,-0.000261102582499007,-0.000141830529173603,-5.2164517910569e-05,-0.00122877092007911,0.000435120629845187,8.50514849322082e-05,-0.00017345144169667,-0.00133488603205478,-1.20410525141779e-05,-0.00391440133171272,-0.000995100730506238,0.000303566624097584,-1.27280315243006e-05,-0.00189661897047699,-0.00140884193933744,-0.000233936625825493,-0.00114296521178403,-2.77343872312485e-06,1.23349798997197e-06,-0.000157921006120887,0.000440218906127665,-0.000232673589835031,-0.0020154941103101,-0.000307254292238213,-0.00126826337168495,-0.00189285623582691,-0.00151603089943819,-0.00110708485590294,-0.000248592574280337,2.6394508353178e-05,1.13000045303124e-05,0.000777272138293483,0.000341480443239561,-0.000202331462787697,0,0,0,-0.000377162272343412,-0.000323300169839058,0,0,1.67969265021384e-05,0,0,0,0,0,-6.4534401644778e-06,6.36824465800601e-05,0,0,0,0,0,0,0,0,-6.31119328318164e-05,-6.47966589895077e-05,0,2.82516275547096e-05,1.05239972469917e-06,-0.000412024794968602,-6.29554997431114e-05,0,0,7.23128323443234e-06,0,0,0.000413391997426515,-0.000106494766441756,-0.000584540594900318
0,0,0,0,0,-0.00195473322037287,-6.12955118413083e-05,-1.91209360309585e-05,0,-0.000137525023092167,0,-0.00280785668337558,0,0,-7.9796839109747e-06,-1.45416624945938e-05,0,0,0,0,-0.000256262879702263,0,-0.000551845543668605,-4.68344023829559e-05,0,0,-0.000394736540329177,-0.000165141100296751,5.07100630784407e-05,-0.000493767638545251,0,0,-3.84444065275602e-05,-0.000232673589835031,-0.0937364605401854,-0.000919332997682432,-0.00148954365067766,-0.000920290354770259,-0.00142566328213434,-0.000142376569783664,-0.000107332679363026,0,4.42659512600585e-05,8.07957385404734e-05,1.06767652141571e-06,-0.000551670148524863,1.29881586872216e-05,0,0,0,0,0,0,0,-1.97942131876516e-05,0,0,0,0,-4.62055177194998e-05,-0.00042653664968384,0,0,0,0,0,0,0,0,0,0,0,0,0,0,0,0,0,0,0,0,0,1.81535451702075e-05,-0.0257745204996809,-0.0204955279532442
0,-0.000368603155948222,-0.00266513411588676,2.5778816905131e-05,-0.00159723163233139,-0.00368190274821245,-0.00374370601639384,-0.00188231296033337,-0.0051387369276199,-0.00317718346104812,0.000156736247845402,-0.000338245226430445,-2.32137444413638e-05,-0.000321444625569711,-0.000438232058513677,-0.000784248237323482,-0.000494072217406938,-2.66682579876942e-05,-0.00030949573192629,-0.000166643266311439,-0.00382998692111869,-0.000344577099895105,-0.0126666663054493,-0.00252312083375728,-2.97617998512578e-06,-0.00140217478747218,-0.0119223176679952,-0.0049712432846718,-0.000164239284742962,-0.00206211384056587,0,-0.000802355614723638,-4.23211815814284e-07,-0.0020154941103101,-0.000919332997682432,-0.00556102140581061,-0.0166857705316943,-0.00356869181996444,-0.00262015997213894,-0.00535057800698269,-0.00284503733564634,-0.000409323674830375,-0.00289108441938879,-2.51934511652507e-05,-0.000495492782647489,0.00017762380412023,0,0,-5.53385843886645e-05,-0.000228714183322154,-0.000427348117227666,-0.00040172957960749,5.54247199033853e-05,0,7.77374298195355e-05,-0.00112984031147789,0,-0.00364320570952259,0,-5.67664737900486e-05,2.38164229813265e-05,0,0,0,-0.00200152734032599,-6.37795164948329e-06,0,0,0,-0.000234634862863459,-0.00084937023348175,-0.00013207367828727,-0.00761833487558761,0,-0.000159120809257729,-0.00181052082552924,-0.00354914590570843,0,-0.00024629983909108,0,0,-0.000216665328480303,0,-5.8750208662417e-06,-0.000794446629242884
6.21770413999911e-06,-0.000123001449537696,-0.00170567570421554,0,-3.6580588130164e-05,-7.48353122617118e-05,-6.13755091762869e-05,-0.000278634226560825,-6.07051060796948e-05,0,-1.68229854651258e-05,0,-3.37468452400458e-05,-8.90321998667787e-05,0,-0.000871445248776581,-0.000245063638885767,0.000195626636752877,-0.000366688597296161,0,-0.000827005444079987,-0.00015227959920594,-0.0034874639895861,-1.21687899081735e-05,-0.000285240948869614,-0.000799043872547145,-0.00344980950967511,-2.88564651782508e-05,-3.43668403104402e-05,-8.46730117700645e-05,-0.000188645840353274,-4.00147036998533e-05,0,-0.000307254292238213,-0.00148954365067766,-0.0166857705316943,-0.00117818365288258,-0.000900120887763478,-0.00425190985060908,-0.000570286705624312,0,6.29152409601375e-05,-0.000140920856210869,-0.000396509820348001,-9.88049373518152e-06,6.04754320647771e-05,0,0,3.49403599102516e-05,0,-0.000385598468710668,-0.000121979285722773,0,0,0,0,0,0,0,0,0,-7.87894750828855e-05,0,0,-0.000475790606287774,-1.63717341905567e-08,0,0,0,-4.50987681688275e-05,-1.11215549623012e-05,-8.57934860505338e-05,-0.000268447620328516,-0.000120052340207621,-0.000205662686767027,-0.00301787123498798,-1.92467105080141e-05,0,0,8.16138765458163e-08,0,0,1.05824221918738e-05,-0.000105737145531748,-0.00649886131577659
-0.000205216187168844,-9.77341715042712e-05,-0.00192556874753791,-0.000213152612559497,-0.000397790401621023,-0.000161457014655753,-0.00164092932391213,-0.000564773749374581,-0.000443790602730587,-0.00130170865486434,0.000311829614298986,-0.000206007805900299,-3.6122762139712e-05,-0.000493383917273604,0,-0.000393938060369692,-0.000752780639231787,0.000482440148971364,-0.000187242350904171,-5.40769869985525e-05,-0.00175151910298155,-5.27289971614664e-05,-0.00871993840883079,-0.000961176523560425,-3.02648668366601e-05,-0.000495672259919644,-0.00468475700017734,-0.00136876319265866,-0.000456838841273566,-0.0019201368531867,-7.22969281241603e-06,-0.000228758267439844,-5.17547277922858e-07,-0.00126826337168495,-0.000920290354770259,-0.00356869181996444,-0.000900120887763478,-0.00111948205426415,-0.00283567254336958,-0.000960971074164263,-8.85618064785376e-05,5.99874686031399e-05,-0.000180800005182391,-5.38143790436152e-05,0.000108145643025637,-2.62152720402753e-05,-3.35222744070052e-05,0,6.2171140598366e-05,0,-0.000197542762180092,-0.000545931652595755,0,0,0,0,1.86207971637486e-05,-0.000267631297901971,0,-0.000139104973641224,0,-1.17817153295618e-05,0,0,-0.000913760937692132,0,0,0,0,0,0,-0.000180632203409914,-0.000264852511463687,-0.000184242497198284,-1.7629544402098e-05,-0.00184691795402614,0,0,0,3.00708862255306e-08,0.000119902142614592,0,1.7808936718211e-05,6.19528218521737e-05,-0.00113710219193308
-1.41796112984593e-06,-2.06494773919985e-05,-0.00156227173465595,0,0,-9.72114685282577e-05,-0.000202492945390986,-0.000341622395353625,0,-0.000382486905436963,0.000120142077321361,-8.51068543852307e-05,-2.37707208725624e-05,-3.06240153804538e-05,0,-0.000759904134611133,-0.000625279304586002,0.000104765209925972,2.50423642000897e-06,-4.70801278424915e-05,-0.00116978353162267,-0.000151909349369816,-0.00911637786157371,-2.55072268373624e-06,0,-0.000216585241162193,-0.00979342017490126,-0.000550660119188251,-2.06535344204894e-05,-0.000287308937913622,0,2.29830338298598e-05,3.57758585778356e-06,-0.00189285623582691,-0.00142566328213434,-0.00262015997213894,-0.00425190985060908,-0.00283567254336958,-0.000241995963733643,-0.001010512938592,0.000313778464260395,-1.17343892043209e-05,-9.87944222288206e-05,1.24584144032269e-05,0.000396442663259222,0.000287507489701966,0,0,-8.48645913720247e-06,0,0,-1.58364230173902e-05,0,0,0,0,0.000189925776794553,-0.000539937696885318,0,7.04298344089693e-08,0,0,0,0,-9.38981902436353e-05,0,0,0,0,0,-0.000314779099426232,-0.00026711337523011,-2.170216612285e-05,0,5.94493712924304e-06,-0.00124320259419619,0,0,0,0,0,0,0.000202830233320128,-0.00125405672497436,-0.00750719160078006
1.35367145048804e-07,-0.000125363512779586,0,-0.000119912611808104,-0.00130106943834107,-0.00184391487255198,-0.000927699005842442,-0.00039969911586013,-0.00234802522754762,-0.000666879340315063,-2.18814648178522e-05,-0.000103085788452972,-0.000105160086604883,-6.55803396512056e-05,-0.000474180067612906,-1.50064925037441e-05,0,0,0,-0.000118552811727568,-6.47554988972843e-05,0,-0.000469765203888528,-0.00096568267508701,0,0,-0.000453252519946545,-0.000962447997153504,3.46863139384368e-05,-0.000232183479965897,0,-0.000210258088372939,-7.71108971093781e-05,-0.00151603089943819,-0.000142376569783664,-0.00535057800698269,-0.000570286705624312,-0.000960971074164263,-0.001010512938592,-0.000857744493259815,0.000248296399945502,-0.000325524921208853,-3.35654594891821e-05,0,0,0,0.000120044866889657,-0.000110388791654259,-1.02696576504968e-05,0,0,0,0.000343642934240052,0,0,-0.0018674322636798,0,0,0.0016421541586169,-0.00158444321277784,0.000387630392651772,0,0,6.83633461449062e-05,0,0,0,0,0.000403072735934984,0,0,0,-0.00339620620070491,0,0,0,0.000413129768048748,0,0,0,0,0,0,0,2.69102765741991e-05
0,0,0,-6.51785626359924e-07,-0.00105931494181277,-1.16426608656184e-05,-0.000299748091492802,-5.67203060199972e-05,0,-9.37579934543464e-05,0,-0.000170940094903926,0,0,2.95935269605252e-05,0,0,0,0,0,-1.71252941072453e-05,0,-8.81218438735232e-05,-3.41251484314853e-06,0,0,0,-0.000216935426578857,6.29382811894175e-05,-0.000119089650979731,0,-2.50297825914458e-05,0,-0.00110708485590294,-0.000107332679363026,-0.00284503733564634,0,-8.85618064785376e-05,0.000313778464260395,0.000248296399945502,2.47872449108399e-05,0,0,0,0,0,0,0,0,0,0,0,0,0,0,0,0,0,0,0,0,0,0,0,0,0,0,0,0,0,0,0,0,0,0,0,0,0,0,0,0,0,0,0,0.000126253423331946
0,0,0,0,0,-0.000179348688106984,0,1.20174308904097e-05,0,0,-3.96797458677156e-05,-0.000152404987602495,7.26727457731613e-05,-2.18047844100511e-05,0,0,0,2.89950494334335e-05,0,0,0,0,0,0,4.10769062000327e-05,0,4.56768020740128e-06,-0.000261056586168706,-0.000316001038299873,0,0,-8.43273282953305e-05,0,-0.000248592574280337,0,-0.000409323674830375,6.29152409601375e-05,5.99874686031399e-05,-1.17343892043209e-05,-0.000325524921208853,0,0,0,0.000113015385068138,0.000331845760229044,6.83669968566392e-05,-0.000198282676137751,0,1.71183330621716e-07,0,0,0,0,0,5.66900735066156e-06,0,0,0,0,2.4551389287808e-05,0,8.56385158840567e-05,0,0,-0.000107928775832988,0,0,0,0,0,0,0,-0.000194497450138442,2.65339494944783e-05,0,0,0,4.72963438369334e-06,0,2.5242923584301e-05,3.85928051400697e-05,0,0.000982836470939219,0,0
0,-0.000157801048771944,-0.000117033463538974,2.75188904197421e-05,0,0,-0.000821109162643552,0,-0.000355757591023576,0,0,0.000109579472336918,0,0,0,-0.00125488142657559,-1.18976281271443e-07,0,0,2.58022309935768e-05,-0.00097204255143879,-2.04477728402708e-05,-0.000307349662762135,-0.0102396672882605,0,0,-0.00176587869646028,-0.00279455999407219,0,-0.000168772687175078,0,-8.17426371213514e-06,0,2.6394508353178e-05,4.42659512600585e-05,-0.00289108441938879,-0.000140920856210869,-0.000180800005182391,-9.87944222288206e-05,-3.35654594891821e-05,0,0,-0.00252114042632456,-0.00484340363129832,-0.00220992504000606,-0.000729499334738648,-0.00257727061034529,-0.000393173151678639,-6.81067092500598e-07,-0.000187064348210697,-6.87521851432393e-05,-0.000717940695267316,4.44688332663645e-05,-2.65809012489626e-05,-0.0004317021521274,-0.00285566420370742,-0.00106019330178242,-0.00186347587805358,-0.000407203596068939,-0.000202869277373452,0.000827833851872128,0,-0.00122707399032151,-3.94024929164516e-05,-0.00166032837478269,1.49575048453698e-05,0.000643295865302207,0.000721436706953682,9.11490494104328e-05,-0.001896478679555,-0.000272834207862616,-0.00705003739039967,-0.00311645468991628,0,0.000391157923559149,-0.00537475705732504,-0.00812157202290109,-0.000773140711316955,-0.0022680899273837,0,-0.00079482764522254,0,-0.0011144492564199,-0.000578389990323558,-0.00219920401104901
0,1.58893686830197e-05,-3.55023476004135e-05,0,0,0,0,0,0,0,9.44098762545309e-05,0,0.000246797007548594,0,0,-0.00048945476373774,0,2.71049293587566e-06,3.20126764563611e-06,0,-2.10824073292315e-05,-0.000255529801506782,-0.000348040094650059,-8.03733873908641e-05,-4.38019128523592e-05,-0.000107942589806953,-0.00198412451027252,0,3.26372246490791e-05,0,3.66770130710847e-07,0,0,1.13000045303124e-05,8.07957385404734e-05,-2.51934511652507e-05,-0.000396509820348001,-5.38143790436152e-05,1.24584144032269e-05,0,0,0.000113015385068138,-0.00484340363129832,6.36607742490192e-05,0.000122413851984859,0.000195690021943307,-6.01174997427734e-05,0,0.00071052550629247,0,7.67106860166678e-06,0.000148489976254496,0,0,0,-0.000562891418667277,-0.000439709161582869,-8.82121021277271e-05,0,0.000565733620533138,0,7.11493986784717e-05,0.000172710075275972,0,-0.000216517832996033,0.000292937127596815,0.000815517647424713,0.000511579429257836,0,-0.000319815921557165,-0.000121940531244036,-0.00127084776613628,-0.000204641624804935,0.000161460156050452,0.0011077444652301,-0.000267355152157478,-8.58320158840797e-05,-2.22642640324011e-07,-7.72767316448153e-05,-0.00014791870148656,9.02305800991599e-05,-4.97429791721515e-05,0.000157062300786492,-9.23111546313748e-06,-0.000485903999802417
0,0.000104288421425736,-0.000109824641185696,0,0,0.000102237409009831,0,0.000342166080372408,-1.47139928685647e-07,0,2.29073208402042e-07,0,4.89557180571865e-07,0,0,-0.000340556376613677,0,0,0,0,0,0,-0.000140258065584931,-0.00158828348503448,1.95742068171967e-05,-3.79935236196616e-05,-0.00154826819562004,0,5.14996681886259e-05,0,0,0,0,0.000777272138293483,1.06767652141571e-06,-0.000495492782647489,-9.88049373518152e-06,0.000108145643025637,0.000396442663259222,0,0,0.000331845760229044,-0.00220992504000606,0.000122413851984859,0.00089425136417276,-0.000125288098658416,-0.000226958307393943,-4.9610328289873e-07,0.000106317920653964,-1.14862139355409e-06,0.00019558051644708,-0.000307140399741002,6.21936433162773e-05,0,-7.83376963227056e-05,-0.00185608288666117,-0.000182508949592375,-0.000151554675539955,-4.01155511653428e-05,0.00179444126297312,-0.000380550351110287,8.79247727425536e-05,-0.000415407989976302,-0.00110736372880638,-0.000363500395906158,0.000948905968471081,0.00201183855006093,0.00131902108114446,-0.000160054287334788,-0.000569212917241657,8.09519078757148e-05,0.000242660543568363,-0.00119454618652526,0.000162409381118778,0.000789290737884585,0.000384940267404876,-0.00393834889837308,-0.000572243991882715,-0.000796431738763204,1.60043556274303e-06,-0.000135324613211196,6.63676328258589e-05,0.000178810905005378,-9.64847351383469e-05,-0.00013136085124188
0,-0.000106407860585023,3.41592558470438e-05,0,0,2.61883456005307e-05,0,0.000101348552561831,-1.27823943785188e-06,0,0,0,0.000135555834276602,0,0,0,-0.000281397515209392,0,0,0,0,0,-0.000179530888999579,-0.000160110183060169,0,-1.9545252143871e-05,-0.00121920646597573,0,7.27201695553958e-05,0,0,7.64237265684642e-05,0,0.000341480443239561,-0.000551670148524863,0.00017762380412023,6.04754320647771e-05,-2.62152720402753e-05,0.000287507489701966,0,0,6.83669968566392e-05,-0.000729499334738648,0.000195690021943307,-0.000125288098658416,-0.000337628177931037,-0.001713283432764,-0.000112862816138204,-5.44743876673692e-08,0,-8.42733224999392e-05,0.000185190056754436,0,0,1.5395936983964e-05,-0.000873827651957981,2.75776383205084e-05,-0.000136294253024971,-3.15358811349142e-05,9.39987207928539e-05,-1.83222400664818e-05,-8.37184277457936e-09,-0.00011182942398591,-1.34825158966123e-05,-0.000769133832363877,0.00100613928407256,0.000811915720987599,0.000476691983749333,-3.71043788618408e-05,-0.000945118911658938,-9.91776323644444e-05,-0.00529086247024679,-0.000305061619656044,4.87047554997844e-05,0.000570802349102451,-0.000658881992713869,-0.00246386035541946,-0.000112070532850339,-0.00024549045610911,2.27552515070784e-05,-0.000337356868840288,-0.000148772072861902,0.000104068747532438,-0.000944841752698267,-0.00599843371128372
0,0,0,0.000286782567854971,0.000247086340095848,0.000162602540513035,0,0,-0.000796127322246321,0.00498996718670242,0,0.000595384270127397,-0.000187685027412954,0,0,0,0,0,0,0.000805504656455014,0,0,0,0,0,0,0,0,0,0,0,0,0,-0.000202331462787697,1.29881586872216e-05,0,0,-3.35222744070052e-05,0,0.000120044866889657,0,-0.000198282676137751,-0.00257727061034529,-6.01174997427734e-05,-0.000226958307393943,-0.001713283432764,-0.00159475916098017,-0.000442511660367018,-0.000121240751468576,-1.18207672130666e-05,0,0,0.000200365074078945,-0.00250745536868635,-0.000815327919553965,-0.00084056229206908,-0.000159062215971062,-0.000427242079240386,0.000149702234011784,-0.000743195006180031,0.000385117736755092,-3.34644009853946e-05,-0.000153020478592225,-0.000681756202538963,0,0,0,0,0.000201235392523813,-0.000538268417585641,-1.59918317876873e-05,-7.196246588137e-05,-0.00101783799709665,0,0,3.86769461329095e-05,-0.00278997057648667,-6.2571833950642e-05,-4.84360125483363e-05,0,-0.000160139034960594,0,-3.74489592402938e-06,-0.000365821841114666,-0.000114357804704923
0,0,0,0,0,0,0,0,0,0,0,0,0,0,0,0,0,0,0,0,0,0,0,0,0,0,0,0,0,0,0,0,0,0,0,0,0,0,0,-0.000110388791654259,0,0,-0.000393173151678639,0,-4.9610328289873e-07,-0.000112862816138204,-0.000442511660367018,0,0,0,0,0,0,-6.64594340378244e-05,0,-0.000373152412066702,0,0,-2.04485950234812e-05,0.00017254585873161,0,0,-6.54025643598288e-05,0,0,0,0,0,-4.19381649408024e-05,0,0,0,0,0,0,0,-0.000159384811922791,2.01387460947444e-05,-0.000328306632582098,0,-0.000342772778822109,0,0.000300548999803141,-0.000221688079363958,1.52580620351728e-05
0,0,0,0,0,-0.000125385529827327,0,-1.22155415738234e-05,0,0,8.32737759992597e-05,0,9.38211023822078e-05,0,0,0,0,0,0,0,0,0,0,0,9.87620423984481e-05,-3.71187212522273e-07,0,0,0,0,0,5.64416586712468e-06,0,0,0,-5.53385843886645e-05,3.49403599102516e-05,6.2171140598366e-05,-8.48645913720247e-06,-1.02696576504968e-05,0,1.71183330621716e-07,-6.81067092500598e-07,0.00071052550629247,0.000106317920653964,-5.44743876673692e-08,-0.000121240751468576,0,-4.38880888395943e-05,0,0.000215811844100244,0,0,0,0,0,3.55817101080902e-05,1.41064497860555e-08,0,0.000335077023919439,0,0.000214953859540401,0,0,0,0,0,0,0.000343904190231115,-1.04765013020369e-06,-1.78554455487756e-06,0,-0.00014882895629853,0.000358330201379431,1.59514812025918e-06,-0.000468687183456495,-3.76077186956536e-05,7.68544559832662e-05,0,-3.01300337923749e-06,-3.31821102008689e-05,0,0.000120023401450453,0,0
0,0,0,0,0,0,0,0,0,0,0,0,0,0,0,0,0,0,0,0,0,0,0,0,0,0,0,-0.000220572939724661,0,0,0,0,0,0,0,-0.000228714183322154,0,0,0,0,0,0,-0.000187064348210697,0,-1.14862139355409e-06,0,-1.18207672130666e-05,0,0,0.00165084166474117,0,3.45335211022757e-05,0,0,0,-1.06493721148126e-05,0.000377907599613536,-6.62983552501828e-07,0,-3.06574547721539e-05,0,0,0.00107374106801217,0,0,-0.000198916211957112,0,0,0,-0.000165511592058465,0,-0.000221503907596343,0,0,-0.000131140777739347,-3.28513997374102e-05,-4.03404410462826e-05,0.00051205528546916,0.000185354781933711,0,0,-6.47003544145264e-05,1.27431248984067e-05,0,-3.8883385968802e-06
0,-0.00137918643486046,-6.02888230787357e-05,0,0,0,0,0,-8.2737285993062e-05,0,0,0,-0.000336574681568891,0,0,-0.000194196894881316,-8.80505685927346e-05,0,0,0,0,-0.00105603353949846,-4.47465281467885e-05,0,-0.000210991165658925,-0.000103588074125582,-0.00588168646754639,0,0,0,-0.000255622278928058,0,0,-0.000377162272343412,0,-0.000427348117227666,-0.000385598468710668,-0.000197542762180092,0,0,0,0,-6.87521851432393e-05,7.67106860166678e-06,0.00019558051644708,-8.42733224999392e-05,0,0,0.000215811844100244,0,-0.000328651249674294,0,0,0,0,0,0,-0.00077600063286809,0,0,0,-0.000341491722792853,0.000188292469829321,0,-0.00044268272449699,-0.000167986330779968,0,8.67613465516115e-08,0,0,-0.00179300508352753,-8.63074819790199e-05,-0.000539020020823955,-0.000112020940605362,-1.36370083509973e-05,-0.00321985609571129,-5.48141997569473e-06,0,0,-6.81831006659195e-05,0,0,0.000425229700340424,0,0
0,-8.95667872100603e-05,-0.000253640340815764,0,0,0,0,0,0,0,0,0,0,0,0,-4.17616392951459e-05,-0.000114781518277596,0,0,0,-1.45371486723889e-05,0,-0.000158731007786628,0,0,-0.000129082955027116,-0.00274185140006011,0,0,0,0,0,0,-0.000323300169839058,0,-0.00040172957960749,-0.000121979285722773,-0.000545931652595755,-1.58364230173902e-05,0,0,0,-0.000717940695267316,0.000148489976254496,-0.000307140399741002,0.000185190056754436,0,0,0,3.45335211022757e-05,0,0.000106080159940403,0,0,0,-0.0036720997240991,-0.000188730602530995,0,-2.78302791230089e-05,-3.23389831464738e-05,0,0,-0.0010658575774869,0,-5.22387426826754e-06,0.00237598693547625,0,0.000257111529208487,0,-0.000113846255146655,0,0.00305442152625801,-1.58055070187402e-06,0,0.000528772144217982,0.00144134610127189,-0.00069538908519462,-0.000416853799833916,-0.000178917851371807,0,0,-4.30039326602127e-05,9.3273151833273e-05,0,-0.000225432275328785
0,0,0,0,0,0,0,0,-0.000266257670773484,0,0,0.000195153730601305,0,0,0,0,0,0,0,0.000476795219583437,0,0,0,-0.000814484177681152,0,0,0,0,0,0,0,0,0,0,0,5.54247199033853e-05,0,0,0,0.000343642934240052,0,0,4.44688332663645e-05,0,6.21936433162773e-05,0,0.000200365074078945,0,0,0,0,0,0.00167535957507425,0,1.80334209289867e-05,0.000134618327138014,-5.34965813585586e-05,-0.000442778718024783,0.000522693160519339,0,0.00119950453790807,0,9.0792160563069e-06,7.5346512858232e-05,0,0,0,0,0.00104276262095482,0,0,0,-0.000459636147752462,0,0,-2.25507574214134e-06,-0.000136397547112921,-1.15532806148622e-05,0,0,0,0,-7.25822246749885e-05,0,-1.6386966308346e-06
0,0,0,0,0,0,0,0,0,0,0,0,0,0,0,0,0,0,0,0,0,0,0,0,0,0,0,0,0,0,0,0,0,0,0,0,0,0,0,0,0,0,-2.65809012489626e-05,0,0,0,-0.00250745536868635,-6.64594340378244e-05,0,0,0,0,0,-0.000154985994868184,-4.21578229179431e-05,0,-4.48306568614498e-05,-0.000234319537412375,0,0,-1.43515599120292e-05,0,0,-0.000388964329431474,0,0,0,0,0,0,0,0,0,0,0,0,0,0,0,0,-0.000252181152973208,0,-0.00127052565403574,0,-8.71574172833789e-07
0,0,0,0,0,0,0,0,0,0,0,0,0,0,0,0,0,0,0,0,0,0,0,-0.000512218219228089,0,0,0,0,0,0,0,0,0,1.67969265021384e-05,-1.97942131876516e-05,7.77374298195355e-05,0,0,0,0,0,5.66900735066156e-06,-0.0004317021521274,0,-7.83376963227056e-05,1.5395936983964e-05,-0.000815327919553965,0,0,0,0,0,1.80334209289867e-05,-4.21578229179431e-05,0.00773329054436545,0.000244057306645118,0.000407425665347461,0,0.00631050853189663,-9.12149989744648e-05,0.000554109723406526,0,0.000105323182651773,-0.000240085496898246,0,0,0,0,0.000148117510434531,0,0,0,4.54037799499929e-05,0,0,0,0.000590973783744175,0.000140074791488587,0,0,-0.000144208305755456,0,-0.000770389608078403,1.67792556240443e-05,-6.32821429462638e-05
0,0,0,0,0,0,0,0,-0.000511104792167316,0,0,0,0,0,0,0,0,0,0,0,0,-0.00023697737196926,0,-0.00756747602281393,0,0,0,0,0,0,0,0,0,0,0,-0.00112984031147789,0,0,0,-0.0018674322636798,0,0,-0.00285566420370742,-0.000562891418667277,-0.00185608288666117,-0.000873827651957981,-0.00084056229206908,-0.000373152412066702,0,-1.06493721148126e-05,0,-0.0036720997240991,0.000134618327138014,0,0.000244057306645118,-0.000239782935962829,-0.000419661636641422,-0.000140451684274012,0.00286205685711138,-0.000104998844108195,-8.11168115433247e-06,0,-0.00194804651874847,-6.79482691339217e-05,8.51721961225849e-06,-4.55757450197325e-05,0,-8.07290200555144e-06,-3.9999177943173e-06,-0.000544593948234251,0,-0.00378736870334251,-0.000339852089382475,0,-0.000335909650857502,-0.000293196235361393,-0.00515044545295495,-0.00053891854986432,0.00162711101334878,0,0,-6.06926032560295e-05,-0.000741735605060967,-0.000135234422486974,-0.000351330588273413
0,0,0,0,0,0,0,0,-0.00170983684074599,0,0,0,0,0,0,0,0,0,0,0,0,0,0,0,0,0,0,0,0,0,0,0,0,0,0,0,0,1.86207971637486e-05,0.000189925776794553,0,0,0,-0.00106019330178242,-0.000439709161582869,-0.000182508949592375,2.75776383205084e-05,-0.000159062215971062,0,3.55817101080902e-05,0.000377907599613536,0,-0.000188730602530995,-5.34965813585586e-05,-4.48306568614498e-05,0.000407425665347461,-0.000419661636641422,-0.00372709257884729,-0.000820655099232681,0.00155709164778273,-3.73160878552881e-06,7.98709700320366e-05,0,0.0016402826832369,-4.92561666760594e-05,0,0,0,0,0.000176797592075673,-1.69140475918539e-05,0,-0.000221053796849446,-0.000103626185591565,0,0,0,-0.000311824481627809,-0.000103463016330352,-0.000244303480940289,0,-0.000109272126110227,0,0.000149612289533252,-1.17427816803684e-05,-6.37784014543286e-05
0,-2.82112679883539e-08,0,-6.5139226080646e-05,0,-0.00021755279158242,-0.000548539246665314,0,-0.00361043979501119,-0.00175329044577666,0,-2.17190799958189e-05,0,-0.000165130826644599,-1.62513078549864e-08,0,0,0,0,-3.7829838674952e-06,0,-0.000244255777033686,0,-0.00256094401629525,0,0,0,-0.00344335444970056,0,-4.39398888829601e-07,0,0,0,0,0,-0.00364320570952259,0,-0.000267631297901971,-0.000539937696885318,0,0,0,-0.00186347587805358,-8.82121021277271e-05,-0.000151554675539955,-0.000136294253024971,-0.000427242079240386,0,1.41064497860555e-08,-6.62983552501828e-07,-0.00077600063286809,0,-0.000442778718024783,-0.000234319537412375,0,-0.000140451684274012,-0.000820655099232681,-0.00145113654252782,-4.29574867837346e-05,-0.000620753737166524,-0.000201181370812265,-3.63418212145916e-06,-0.000261064073129091,-5.83437025625244e-06,-1.16725523184869e-05,0,0,0,-9.51127549342345e-05,0,-0.0017426224612791,0,-0.00670023464863334,-0.000198960990928754,0,-0.000715833904905594,-0.00345559503330151,-0.000117895609946572,0,0,0,0,0.000379908395188977,0,-0.000330773043970112
0,0,0,0,0,0,0,0,-0.00157262790889945,0,0,-0.000145997750223614,0,0,0,0,0,0,0,0,0,0,0,-0.00135768032851047,0,0,0,0,0,0,0,0,0,0,0,0,0,0,0,0.0016421541586169,0,0,-0.000407203596068939,0,-4.01155511653428e-05,-3.15358811349142e-05,0.000149702234011784,-2.04485950234812e-05,0,0,0,-2.78302791230089e-05,0.000522693160519339,0,0.00631050853189663,0.00286205685711138,0.00155709164778273,-4.29574867837346e-05,0.0167912247852655,0,0.00230754451695248,0,0.00168146898977284,0,0,0,0,0,0.000815658810097375,0,0,-2.72257511824137e-05,0.000247415232706771,0,0,0,0.00110668139408432,0.000159416284759573,0,0,0,0,-0.000102076578059496,-6.54918194413767e-05,-8.11294376035221e-05
0,0,0,0,0,8.29016207717359e-05,0,0,0,0,4.04115558012563e-05,-2.6337731469539e-05,5.37914707479104e-05,0,0,0,0,0,0,0,-0.000394765665987507,0,-0.000483757234178483,-0.000257306895946385,0.000178998761839466,6.42419945506845e-06,-0.000168379287060816,-0.000266611539700534,0,0,1.53692417370621e-05,0,0,0,-4.62055177194998e-05,-5.67664737900486e-05,0,-0.000139104973641224,7.04298344089693e-08,-0.00158444321277784,0,2.4551389287808e-05,-0.000202869277373452,0.000565733620533138,0.00179444126297312,9.39987207928539e-05,-0.000743195006180031,0.00017254585873161,0.000335077023919439,-3.06574547721539e-05,0,-3.23389831464738e-05,0,0,-9.12149989744648e-05,-0.000104998844108195,-3.73160878552881e-06,-0.000620753737166524,0,0.00347044631844184,-5.33930074197997e-06,0.000592619974131736,0.000248833162913797,0,-6.4454893617949e-06,0.000227603446546709,0.00431317710808798,0.00113400742702652,-0.00031701686384622,-0.000133220504721976,-8.79307190189138e-05,8.85671324795112e-05,-0.000347185399732552,0.000186072902124579,0.000441512303041236,0.000221774885176274,-0.00082076882608817,0.000139649920356533,6.43141675027437e-06,-4.7883579739505e-05,-2.61317768179836e-05,0,0.00247661677758515,0.000316548137561767,-5.47461352091716e-05
0,0,0,5.35823892278131e-05,1.5152751302594e-06,2.25855842472811e-05,0.000175072680576704,0,-1.75284731085412e-05,0.00129214976914227,0,0.000549360100194463,0,0,0.000580262407311238,0,0,0,0,0.000372062568203546,0,0,0,-0.000291802159154031,0,0,0,0,0,0,0,0,0,-6.4534401644778e-06,-0.00042653664968384,2.38164229813265e-05,0,0,0,0.000387630392651772,0,0,0.000827833851872128,0,-0.000380550351110287,-1.83222400664818e-05,0.000385117736755092,0,0,0,0,0,0.00119950453790807,-1.43515599120292e-05,0.000554109723406526,-8.11168115433247e-06,7.98709700320366e-05,-0.000201181370812265,0.00230754451695248,-5.33930074197997e-06,0.00603351827112419,0,0.000355806845846018,-1.28573673805477e-05,0,0,0,0,0.00205907969211694,0,0,0,-0.000225120995310135,0,0,0,0.000362328021765279,0.000107205506537866,-2.4463349745929e-07,0,-2.09915579034714e-05,0,-0.000228082127250673,-0.000296773240386017,-8.67165863382979e-05
0,1.86204561032355e-05,0,0,0,0,0,0,0,0,0.000348307982328322,0,-0.00528122911600803,0,0,0,0,0,0,0,0,3.09205487880604e-08,0,0,-0.00121410028259561,5.45337495836407e-05,-0.000146538371609495,0,0,0,-0.000634720697235025,0,0,6.36824465800601e-05,0,0,-7.87894750828855e-05,-1.17817153295618e-05,0,0,0,8.56385158840567e-05,0,7.11493986784717e-05,8.79247727425536e-05,-8.37184277457936e-09,-3.34644009853946e-05,0,0.000214953859540401,0,-0.000341491722792853,0,0,0,0,0,0,-3.63418212145916e-06,0,0.000592619974131736,0,-0.00046345537958592,2.13688309713689e-07,0,0,0,-4.34653138654539e-05,3.41224531439366e-05,0,0,0,0,0,-0.000459493784859433,1.50165384411594e-05,0.000254176412795459,0,5.1745050768659e-05,0,-7.3144516704815e-05,4.39830364484806e-05,0,0.000285804913801257,0,0
0,0,0,0,0,0,0,0,0,0,0,0,0,0,0,0,0,0,0,0,0,0,0,0,0,0,0,0,0,0,0,0,0,0,0,0,0,0,0,0,0,0,-0.00122707399032151,0.000172710075275972,-0.000415407989976302,-0.00011182942398591,-0.000153020478592225,-6.54025643598288e-05,0,0.00107374106801217,0.000188292469829321,-0.0010658575774869,9.0792160563069e-06,0,0.000105323182651773,-0.00194804651874847,0.0016402826832369,-0.000261064073129091,0.00168146898977284,0.000248833162913797,0.000355806845846018,2.13688309713689e-07,0.00751761835801901,-0.000102185818832368,-5.95383971813135e-06,0.000289734612124448,0.000244812257733429,7.3200098995585e-05,-8.67653409386548e-06,-7.94540892457007e-05,0,-0.0025738560816535,-8.92223899882083e-05,-1.03061161382811e-07,-1.91007147805067e-05,0,-0.000687005822783249,0.00389858478138194,-0.0011473870381451,1.94689323507191e-06,5.13437553308904e-05,-3.86384281796381e-05,0.000757549662921519,0,5.15358769916929e-05
0,0,0,0,0,1.82534893156117e-06,0,0,0,0,0,0,0,0,0,0,0,0,0,0,0,0,0,0,0,0,0,0,0,0,0,0,0,0,0,0,0,0,0,6.83633461449062e-05,0,0,-3.94024929164516e-05,0,-0.00110736372880638,-1.34825158966123e-05,-0.000681756202538963,0,0,0,0,0,7.5346512858232e-05,-0.000388964329431474,-0.000240085496898246,-6.79482691339217e-05,-4.92561666760594e-05,-5.83437025625244e-06,0,0,-1.28573673805477e-05,0,-0.000102185818832368,3.15233160677053e-05,0,0,0,0,3.09833685605554e-05,0,0,0,-0.000139172659601172,0,0,0,-0.000117323688755278,-3.51620947185438e-05,0,0,0,0,0,0,0
0,-7.02786710462533e-05,-6.70716508466285e-05,0,0,0,0,0,-0.000306354486383498,0,0,0,0,0,0,-0.0121851126605179,0,0,0,0,-0.00295907427425846,-0.00245721658939146,-0.0028752996095136,-0.00432828484190395,0,0,-0.00396401601392427,-0.000570005233385018,0,-0.00108277647814248,0,0,0,0,0,-0.00200152734032599,-0.000475790606287774,-0.000913760937692132,-9.38981902436353e-05,0,0,-0.000107928775832988,-0.00166032837478269,-0.000216517832996033,-0.000363500395906158,-0.000769133832363877,0,0,0,0,-0.00044268272449699,-5.22387426826754e-06,0,0,0,8.51721961225849e-06,0,-1.16725523184869e-05,0,-6.4454893617949e-06,0,0,-5.95383971813135e-06,0,-0.00279336431140109,0,0,0,0,-0.00022013291032863,-0.00244724885033065,-3.85913836664642e-05,-0.000875895017543371,-0.000161482315888861,0,-0.00206808177745188,-8.52089082172824e-05,-2.27444681968336e-05,-7.13936728971021e-05,0,0,0,4.37298987776558e-06,0,-0.000170888713910244
0,0.000127588966279291,1.16738021915808e-06,0,0,0,0,0,0,0,0,0,0,0,0,0,-5.04434092363226e-05,0,0,0,0,0,8.83404709384195e-08,0,0,1.55902675942343e-05,-0.000234746535625163,0,0,0,0,0,0,0,0,-6.37795164948329e-06,-1.63717341905567e-08,0,0,0,0,0,1.49575048453698e-05,0.000292937127596815,0.000948905968471081,0.00100613928407256,0,0,0,-0.000198916211957112,-0.000167986330779968,0.00237598693547625,0,0,0,-4.55757450197325e-05,0,0,0,0.000227603446546709,0,0,0.000289734612124448,0,0,0.00445159963328479,0.000522883912708494,0.00489272852973954,0,0.000304004787722079,0,0.00444031656297739,0,0,0.00198901553267206,0.00134961918138288,-5.33075082742585e-06,-5.41972235623689e-06,0.000124607073061611,0,0,0,0.00460694327739475,0,0
0,0,0,0,0,0,0,0,0,0,0,0,0,0,0,0,0,0,0,0,0,0,0,0,0,6.28614434390329e-05,-2.16196041264993e-05,0,0,0,0,0,0,0,0,0,0,0,0,0,0,0,0.000643295865302207,0.000815517647424713,0.00201183855006093,0.000811915720987599,0,0,0,0,0,0,0,0,0,0,0,0,0,0.00431317710808798,0,-4.34653138654539e-05,0.000244812257733429,0,0,0.000522883912708494,0.00359088140612585,0.00333432482875651,0,7.67360616009682e-05,0,4.8733408220869e-05,0,2.63515835285943e-06,0.00271949390662485,0.000139047974244022,0,0.000234832246860606,0,-6.469736604231e-07,2.61678221704642e-05,0,0.00128727169249032,0,5.81515832891455e-05
0,7.67309466027655e-05,0,0,0,0,0,0,0,0,0,0,0,0,0,0,3.90383831927466e-08,0,0,0,0,0,0,0,0,0.000155533707584254,9.5462614808639e-06,0,0,0,0,0,0,0,0,0,0,0,0,0,0,0,0.000721436706953682,0.000511579429257836,0.00131902108114446,0.000476691983749333,0,0,0,0,8.67613465516115e-08,0.000257111529208487,0,0,0,-8.07290200555144e-06,0,0,0,0.00113400742702652,0,3.41224531439366e-05,7.3200098995585e-05,0,0,0.00489272852973954,0.00333432482875651,0.0061786462629243,0,0.00026167300529778,0,0.000638530667856685,0,1.38275652261655e-06,0.00329400718419492,0.00140742962230433,0,-5.07527488480264e-07,-9.01252501535055e-05,0,9.7091709903907e-05,0,0.00384469690106926,0,1.16813662316417e-05
0,0,0,0.000931492366362363,0,0,0,0,-0.000234574037676794,0,0,0,0,0,0,0,0,0,0,0,0,0,0,0.000194640277186409,0,0,0,0,0,0,0,0,0,0,0,0,0,0,0,0.000403072735934984,0,0,9.11490494104328e-05,0,-0.000160054287334788,-3.71043788618408e-05,0.000201235392523813,-4.19381649408024e-05,0.000343904190231115,0,0,0,0.00104276262095482,0,0.000148117510434531,-3.9999177943173e-06,0.000176797592075673,-9.51127549342345e-05,0.000815658810097375,-0.00031701686384622,0.00205907969211694,0,-8.67653409386548e-06,3.09833685605554e-05,0,0,0,0,0.000146573235383585,0,0,0,-1.49490836065524e-05,0,0,0,0.000238911957239907,-5.97013631704613e-05,0,0,-0.000101161414931994,0,-0.000311475790113036,0,-2.58670274888573e-06
0,0,0,0,0,0,0,0,0,0,0,0,0,0,0,-0.00108599131999654,0,0,0,0,-0.000917464243684663,-0.000164043929544277,-0.000493850024213316,-0.000881130115885753,0,0,-4.56342659163056e-05,0,0,-6.10359074926237e-06,0,0,0,0,0,-0.000234634862863459,-4.50987681688275e-05,0,0,0,0,0,-0.001896478679555,-0.000319815921557165,-0.000569212917241657,-0.000945118911658938,-0.000538268417585641,0,-1.04765013020369e-06,-0.000165511592058465,0,-0.000113846255146655,0,0,0,-0.000544593948234251,-1.69140475918539e-05,0,0,-0.000133220504721976,0,0,-7.94540892457007e-05,0,-0.00022013291032863,0.000304004787722079,7.67360616009682e-05,0.00026167300529778,0,-0.00119029567514928,-8.63859924038479e-07,-0.000764404539886243,-5.81992069328408e-05,0,-9.37157244607079e-06,-6.31686458518743e-05,-0.00217106122067889,1.22917810756462e-05,-0.00167815119914394,0,2.8357303563098e-06,-6.63719602016499e-05,0.00161571437729435,-2.27754594561702e-06,-0.00177537478884915
0,0,0,0,0,0,0,0,-0.000232794527619262,0,0,0,-2.87449665847817e-06,0,0,-0.000709357835148694,-6.29416854280862e-06,0,0,0,-0.000837465253425762,-0.00190045445560827,-0.000699493699357845,-0.00103470724570798,0,0,-0.002879667950765,-0.000357586352038197,0,0,0,0,0,-6.31119328318164e-05,0,-0.00084937023348175,-1.11215549623012e-05,0,-0.000314779099426232,0,0,0,-0.000272834207862616,-0.000121940531244036,8.09519078757148e-05,-9.91776323644444e-05,-1.59918317876873e-05,0,-1.78554455487756e-06,0,-0.00179300508352753,0,0,0,0,0,0,-0.0017426224612791,0,-8.79307190189138e-05,0,0,0,0,-0.00244724885033065,0,0,0,0,-8.63859924038479e-07,-0.00213195666583488,0,-0.00282120410702191,-0.000307281407003757,0,-0.00283662331275991,-5.33154379809275e-05,0,0,-1.85522676474648e-05,0,0,3.16536461468786e-05,0,0
0,-8.91828894964419e-05,-0.000114692497845681,0,0,0,0,0,0,0,0,0,-2.74990361504024e-05,0,0,-0.00709150842340023,2.27995570867279e-07,0,0,0,-0.000486625194753287,-0.000365508829418104,-0.0021078554509586,-9.62375779636204e-05,0,0,-0.00315923703419685,0,0,0,0,0,0,-6.47966589895077e-05,0,-0.00013207367828727,-8.57934860505338e-05,-0.000180632203409914,-0.00026711337523011,0,0,0,-0.00705003739039967,-0.00127084776613628,0.000242660543568363,-0.00529086247024679,-7.196246588137e-05,0,0,-0.000221503907596343,-8.63074819790199e-05,0.00305442152625801,0,0,0,-0.00378736870334251,-0.000221053796849446,0,-2.72257511824137e-05,8.85671324795112e-05,0,0,-0.0025738560816535,0,-3.85913836664642e-05,0.00444031656297739,4.8733408220869e-05,0.000638530667856685,0,-0.000764404539886243,0,0.00802620032902723,-0.000229065276244,0,0.00103364056349164,0.00161722575171552,-0.00114703608687705,2.30971187420437e-06,-0.00116337543181544,0,3.22336943554546e-05,-0.000104881079096231,0.00181286761426236,-1.52372606976314e-07,-0.00186076762111043
0,-0.000224434130359441,0,-0.000418855528550921,-6.83046600897796e-05,0,-0.00406756115989992,-0.000887993883225136,-0.00684126661144546,-0.00228433251686511,0,-1.55250777424953e-05,-0.000162578653544188,0,0,-0.00271019859792432,0,0,0,-7.94461000168667e-05,-0.000965186860412359,-0.000649226077257481,-0.0010807216676767,-0.0313757437816093,0,0,0,-0.0101936458559067,-0.000703484285622835,-1.58847396960482e-05,0,0,-0.000189698228496127,0,0,-0.00761833487558761,-0.000268447620328516,-0.000264852511463687,-2.170216612285e-05,-0.00339620620070491,0,-0.000194497450138442,-0.00311645468991628,-0.000204641624804935,-0.00119454618652526,-0.000305061619656044,-0.00101783799709665,0,-0.00014882895629853,0,-0.000539020020823955,-1.58055070187402e-06,-0.000459636147752462,0,4.54037799499929e-05,-0.000339852089382475,-0.000103626185591565,-0.00670023464863334,0.000247415232706771,-0.000347185399732552,-0.000225120995310135,0,-8.92223899882083e-05,-0.000139172659601172,-0.000875895017543371,0,0,0,-1.49490836065524e-05,-5.81992069328408e-05,-0.00282120410702191,-0.000229065276244,-0.0126644128317821,-1.84216246452706e-05,0,-0.000573516379972716,-0.00524904240501201,-0.000131057624457753,-0.000429269890446449,0,0,-8.31269380796584e-05,-0.000434829375080881,0,-0.000341401071636938
0,-2.20944984903326e-05,0,0,0,0,0,0,0,0,7.88038078098907e-05,0,-0.000935633807785052,0,0,0,0,0,0,0,0,-6.99317770340713e-05,0,0,-0.00101045733663341,-0.000278427341982024,-0.000594863443438953,0,0,0,-0.00162486502085812,0,0,2.82516275547096e-05,0,0,-0.000120052340207621,-0.000184242497198284,0,0,0,2.65339494944783e-05,0,0.000161460156050452,0.000162409381118778,4.87047554997844e-05,0,0,0.000358330201379431,0,-0.000112020940605362,0,0,0,0,0,0,-0.000198960990928754,0,0.000186072902124579,0,-0.000459493784859433,-1.03061161382811e-07,0,-0.000161482315888861,0,2.63515835285943e-06,1.38275652261655e-06,0,0,-0.000307281407003757,0,-1.84216246452706e-05,0.000317138077662094,-2.9107930288319e-07,0.000196320316554477,0,0,0,-0.000213161826195574,0,0,3.06382539747574e-05,0,0
0,-0.000109269062022577,-0.000173819626070326,0,0,0,0,0,0,0,-0.000158366365212714,0,-0.000274600234661193,0,0,0,-0.000136982440380962,0,-1.24917796711088e-05,0,0,2.44909500679569e-07,1.2920875924749e-08,0,-0.000502384074934525,-0.000784938525806744,-0.008708463831681,0,0,0,-0.00256051902761101,0,0,1.05239972469917e-06,0,-0.000159120809257729,-0.000205662686767027,-1.7629544402098e-05,5.94493712924304e-06,0,0,0,0.000391157923559149,0.0011077444652301,0.000789290737884585,0.000570802349102451,0,0,1.59514812025918e-06,-0.000131140777739347,-1.36370083509973e-05,0.000528772144217982,0,0,0,-0.000335909650857502,0,0,0,0.000441512303041236,0,1.50165384411594e-05,-1.91007147805067e-05,0,0,0.00198901553267206,0.00271949390662485,0.00329400718419492,0,-9.37157244607079e-06,0,0.00103364056349164,0,-2.9107930288319e-07,0.0123338729829356,0.00150036303136858,-9.50362050389231e-06,6.33172712696251e-05,-0.000557786090212176,-0.000193023039628315,-3.16165269964586e-07,0,0.000577990219426283,0,7.00101782058482e-06
0,-0.00316830290284997,-0.00441462310118368,0,0,0,0,0,0,0,-0.000352437578840181,0,-0.00124620344831783,0,0,-0.00515564692250337,-0.00157125185796758,-0.000129275715153199,-7.60607726988383e-05,0,0,-0.00265963530182489,-0.00535087437492621,-0.000386536019505002,-0.000980261002041516,-0.00542909522573609,-0.0674820096464828,0,0,0,-0.00244605353873339,0,0,-0.000412024794968602,0,-0.00181052082552924,-0.00301787123498798,-0.00184691795402614,-0.00124320259419619,0,0,0,-0.00537475705732504,-0.000267355152157478,0.000384940267404876,-0.000658881992713869,3.86769461329095e-05,0,-0.000468687183456495,-3.28513997374102e-05,-0.00321985609571129,0.00144134610127189,-2.25507574214134e-06,0,0,-0.000293196235361393,0,-0.000715833904905594,0,0.000221774885176274,0,0.000254176412795459,0,0,-0.00206808177745188,0.00134961918138288,0.000139047974244022,0.00140742962230433,0,-6.31686458518743e-05,-0.00283662331275991,0.00161722575171552,-0.000573516379972716,0.000196320316554477,0.00150036303136858,-0.00055495539012046,-0.000244491457578988,0,-4.13322250096826e-05,-0.000316133144224295,-0.000106709005194716,-4.45993428002112e-05,0.00140021259176137,0,-0.000310856548821903
0,0,0,0,0,0,-0.00122046167962253,0,-0.00664694183433312,0,0,-3.20772887789644e-05,-4.51183659606613e-05,0,0,-0.000452745698567014,0,0,0,0,-0.000173504799022339,-0.000453803048003465,-1.61360385391163e-05,-0.0275761890334252,0,0,0,-0.00348869419394759,0,0,0,0,0,-6.29554997431114e-05,0,-0.00354914590570843,-1.92467105080141e-05,0,0,0.000413129768048748,0,0,-0.00812157202290109,-8.58320158840797e-05,-0.00393834889837308,-0.00246386035541946,-0.00278997057648667,-0.000159384811922791,-3.76077186956536e-05,-4.03404410462826e-05,-5.48141997569473e-06,-0.00069538908519462,-0.000136397547112921,0,0.000590973783744175,-0.00515044545295495,-0.000311824481627809,-0.00345559503330151,0.00110668139408432,-0.00082076882608817,0.000362328021765279,0,-0.000687005822783249,-0.000117323688755278,-8.52089082172824e-05,-5.33075082742585e-06,0,0,0.000238911957239907,-0.00217106122067889,-5.33154379809275e-05,-0.00114703608687705,-0.00524904240501201,0,-9.50362050389231e-06,-0.000244491457578988,-0.00230615101974241,-0.000834144039345119,-0.000998351494481797,0,0,-0.000184679765652618,-0.000253777295476709,-5.40050768904621e-05,-0.000916057933864067
0,0,0,0,0,0,0,0,-1.63490713021019e-05,0,0,0,0,0,0,-7.82904608058743e-05,0,0,0,0,0,-3.71622118109372e-05,0,0,0,0,0,0,0,0,0,0,0,0,0,0,0,0,0,0,0,4.72963438369334e-06,-0.000773140711316955,-2.22642640324011e-07,-0.000572243991882715,-0.000112070532850339,-6.2571833950642e-05,2.01387460947444e-05,7.68544559832662e-05,0.00051205528546916,0,-0.000416853799833916,-1.15532806148622e-05,0,0.000140074791488587,-0.00053891854986432,-0.000103463016330352,-0.000117895609946572,0.000159416284759573,0.000139649920356533,0.000107205506537866,5.1745050768659e-05,0.00389858478138194,-3.51620947185438e-05,-2.27444681968336e-05,-5.41972235623689e-06,0.000234832246860606,-5.07527488480264e-07,-5.97013631704613e-05,1.22917810756462e-05,0,2.30971187420437e-06,-0.000131057624457753,0,6.33172712696251e-05,0,-0.000834144039345119,0.00615749155119616,-8.05788045390443e-05,-1.18955756533978e-06,-4.29000219810405e-05,0.00112053707607629,0.000423810323077589,-2.67507886064777e-07,-0.000244847364228917
0,0,0,0,0,0,0,0,-0.000127488794532837,0,0,0,0,0,0,-0.000468350408482365,0,0,0,0,-0.000367778729923884,-0.000163089331181254,-6.36147560726386e-05,-0.000168903829035116,0,0,0,-0.000374442188331159,0,0,0,0,0,0,0,-0.00024629983909108,0,0,0,0,0,0,-0.0022680899273837,-7.72767316448153e-05,-0.000796431738763204,-0.00024549045610911,-4.84360125483363e-05,-0.000328306632582098,0,0.000185354781933711,0,-0.000178917851371807,0,0,0,0.00162711101334878,-0.000244303480940289,0,0,6.43141675027437e-06,-2.4463349745929e-07,0,-0.0011473870381451,0,-7.13936728971021e-05,0.000124607073061611,0,-9.01252501535055e-05,0,-0.00167815119914394,0,-0.00116337543181544,-0.000429269890446449,0,-0.000557786090212176,-4.13322250096826e-05,-0.000998351494481797,-8.05788045390443e-05,7.99729235079205e-06,0,-1.44485602504574e-05,-3.61221913180998e-05,0.000275800425455941,0,-0.00127315132704098
0,0,0,0,0,0,0,0,0,0,-0.000412249428336509,0,-0.00194667668256443,0,0,0,0,0,0,0,0,0,0,0,-0.000365093590517063,-0.000541732591955224,-0.000402283592848107,0,0,0,-0.00239433285787527,0,0,7.23128323443234e-06,0,0,8.16138765458163e-08,3.00708862255306e-08,0,0,0,2.5242923584301e-05,0,-0.00014791870148656,1.60043556274303e-06,2.27552515070784e-05,0,0,-3.01300337923749e-06,0,-6.81831006659195e-05,0,0,0,0,0,0,0,0,-4.7883579739505e-05,0,-7.3144516704815e-05,1.94689323507191e-06,0,0,0,-6.469736604231e-07,0,0,0,-1.85522676474648e-05,0,0,-0.000213161826195574,-0.000193023039628315,-0.000316133144224295,0,-1.18955756533978e-06,0,-0.000299169175377756,0,0,-8.22298343337025e-05,0,0
0,0,0,0,0,0,0,0,0,0,0,0,0,0,0,0,0,0,0,0,0,0,0,0,0,0,0,0,0,0,0,0,0,0,0,0,0,0.000119902142614592,0,0,0,3.85928051400697e-05,-0.00079482764522254,9.02305800991599e-05,-0.000135324613211196,-0.000337356868840288,-0.000160139034960594,-0.000342772778822109,-3.31821102008689e-05,0,0,0,0,-0.000252181152973208,-0.000144208305755456,0,-0.000109272126110227,0,0,-2.61317768179836e-05,-2.09915579034714e-05,4.39830364484806e-05,5.13437553308904e-05,0,0,0,2.61678221704642e-05,9.7091709903907e-05,-0.000101161414931994,2.8357303563098e-06,0,3.22336943554546e-05,0,0,-3.16165269964586e-07,-0.000106709005194716,0,-4.29000219810405e-05,-1.44485602504574e-05,0,-0.00172455596839427,-0.000675176386721432,-0.00273668169302255,0,-0.000477136818517465
0,0,0,0,0,0,0,0,-0.000981677905656397,0,0,0,0,0,0,-0.000225856754695997,0,0,0,0,-0.000213206119951792,0,0,-0.00406999449478462,0,0,0,0,0,0,0,0,0,0,0,-0.000216665328480303,0,0,0,0,0,0,0,-4.97429791721515e-05,6.63676328258589e-05,-0.000148772072861902,0,0,0,-6.47003544145264e-05,0,-4.30039326602127e-05,0,0,0,-6.06926032560295e-05,0,0,0,0,0,0,-3.86384281796381e-05,0,0,0,0,0,0,-6.63719602016499e-05,0,-0.000104881079096231,-8.31269380796584e-05,0,0,-4.45993428002112e-05,-0.000184679765652618,0.00112053707607629,-3.61221913180998e-05,0,-0.000675176386721432,0.000295384922537778,0.000267372382950271,1.34259676087822e-06,0
0,0,0,0,0,0,0,0,0,0,0,0,-2.39626834854789e-05,0.000314559751132037,0,0,0,0,0,0,0,0,-1.6422440239694e-05,-0.000140711941639893,2.08530118470662e-05,0,-0.000175076129380614,-0.000694672111421824,2.05915148399072e-05,0,0,0,0,0.000413391997426515,1.81535451702075e-05,0,1.05824221918738e-05,1.7808936718211e-05,0.000202830233320128,0,0,0.000982836470939219,-0.0011144492564199,0.000157062300786492,0.000178810905005378,0.000104068747532438,-3.74489592402938e-06,0.000300548999803141,0.000120023401450453,1.27431248984067e-05,0.000425229700340424,9.3273151833273e-05,-7.25822246749885e-05,-0.00127052565403574,-0.000770389608078403,-0.000741735605060967,0.000149612289533252,0.000379908395188977,-0.000102076578059496,0.00247661677758515,-0.000228082127250673,0.000285804913801257,0.000757549662921519,0,4.37298987776558e-06,0.00460694327739475,0.00128727169249032,0.00384469690106926,-0.000311475790113036,0.00161571437729435,3.16536461468786e-05,0.00181286761426236,-0.000434829375080881,3.06382539747574e-05,0.000577990219426283,0.00140021259176137,-0.000253777295476709,0.000423810323077589,0.000275800425455941,-8.22298343337025e-05,-0.00273668169302255,0.000267372382950271,0.00783596665587538,1.79329105094439e-05,-0.000407082004130643
0,0,0,0,0,-0.000554252714209724,0,0,0,0,0,-0.000623727908532601,0,0,-5.66028247703798e-05,0,0,0,0,0,0,0,0,0,0,0,0,0,0,0,0,0,0,-0.000106494766441756,-0.0257745204996809,-5.8750208662417e-06,-0.000105737145531748,6.19528218521737e-05,-0.00125405672497436,0,0,0,-0.000578389990323558,-9.23111546313748e-06,-9.64847351383469e-05,-0.000944841752698267,-0.000365821841114666,-0.000221688079363958,0,0,0,0,0,0,1.67792556240443e-05,-0.000135234422486974,-1.17427816803684e-05,0,-6.54918194413767e-05,0.000316548137561767,-0.000296773240386017,0,0,0,0,0,0,0,0,-2.27754594561702e-06,0,-1.52372606976314e-07,0,0,0,0,-5.40050768904621e-05,-2.67507886064777e-07,0,0,0,1.34259676087822e-06,1.79329105094439e-05,-0.0184376128664349,-0.0108944260641244
0,0,-8.0080472798727e-05,0,-4.0282859117724e-05,-0.000328422960592434,-0.000207698209123919,-3.21767302580156e-07,-0.000453774293418974,-0.000499510453664698,0.000168792204931378,-0.000268078149019857,0,0,1.00621136880363e-05,-0.000426683989644516,-0.000217974255065201,0,0,0,-0.00251274787115108,-0.000217724344111048,-0.00557773515902227,-0.000162245540195727,0,-0.000182520834641764,-0.00133703174287803,-0.000639842844975647,-8.30225982895172e-05,-0.00215672735066619,0,-2.69561992354284e-05,0,-0.000584540594900318,-0.0204955279532442,-0.000794446629242884,-0.00649886131577659,-0.00113710219193308,-0.00750719160078006,2.69102765741991e-05,0.000126253423331946,0,-0.00219920401104901,-0.000485903999802417,-0.00013136085124188,-0.00599843371128372,-0.000114357804704923,1.52580620351728e-05,0,-3.8883385968802e-06,0,-0.000225432275328785,-1.6386966308346e-06,-8.71574172833789e-07,-6.32821429462638e-05,-0.000351330588273413,-6.37784014543286e-05,-0.000330773043970112,-8.11294376035221e-05,-5.47461352091716e-05,-8.67165863382979e-05,0,5.15358769916929e-05,0,-0.000170888713910244,0,5.81515832891455e-05,1.16813662316417e-05,-2.58670274888573e-06,-0.00177537478884915,0,-0.00186076762111043,-0.000341401071636938,0,7.00101782058482e-06,-0.000310856548821903,-0.000916057933864067,-0.000244847364228917,-0.00127315132704098,0,-0.000477136818517465,0,-0.000407082004130643,-0.0108944260641244,-0.00169513986111269
